type normal
health 10
armor -2
speed 1
damage 0.3
 triangle +0.0000 +0.0000 +0.0000 +0.0000 +0.1500 -0.0866 +0.0000 +0.0000 -0.1732
 triangle +0.0000 +0.0000 +0.0000 +0.0000 +0.0000 -0.1732 +0.0000 -0.1500 -0.0866
 triangle +0.0000 +0.0000 +0.0000 +0.0000 -0.1500 -0.0866 +0.0000 -0.1500 +0.0866
 triangle +0.0000 +0.0000 +0.0000 +0.0000 -0.1500 +0.0866 +0.0000 +0.0000 +0.1732
 triangle +0.0000 +0.0000 +0.0000 +0.0000 +0.0000 +0.1732 +0.0000 +0.1500 +0.0866
 triangle +0.0000 +0.0000 +0.0000 +0.0000 +0.1500 +0.0866 +0.0000 +0.1500 -0.0866
rectangle +0.0000 +0.1500 -0.0866 +0.4000 +0.1500 -0.0866 +0.4000 +0.0000 -0.1732
rectangle +0.0000 +0.1500 -0.0866 +0.4000 +0.1500 -0.0866 +0.4000 +0.0000 -0.1732
rectangle +0.0000 +0.0000 -0.1732 +0.4000 +0.0000 -0.1732 +0.4000 -0.1500 -0.0866
rectangle +0.0000 -0.1500 -0.0866 +0.4000 -0.1500 -0.0866 +0.4000 -0.1500 +0.0866
rectangle +0.0000 -0.1500 +0.0866 +0.4000 -0.1500 +0.0866 +0.4000 +0.0000 +0.1732
rectangle +0.0000 +0.0000 +0.1732 +0.4000 +0.0000 +0.1732 +0.4000 +0.1500 +0.0866
rectangle +0.0000 +0.1500 +0.0866 +0.4000 +0.1500 +0.0866 +0.4000 +0.1500 -0.0866
 4polygon +0.4000 +0.1500 -0.0866 +0.4000 +0.1500 +0.0866 +0.4000 +0.1000 +0.0577 +0.4000 +0.1000 -0.0577
 4polygon +0.4000 +0.1000 +0.0577 +0.4000 +0.1500 +0.0866 +0.4000 +0.0000 +0.1732 +0.4000 +0.0000 +0.1155
 4polygon +0.4000 +0.0000 +0.1155 +0.4000 +0.0000 +0.1732 +0.4000 -0.1500 +0.0866 +0.4000 -0.1000 +0.0577
 4polygon +0.4000 -0.1500 +0.0866 +0.4000 -0.1500 -0.0866 +0.4000 -0.1000 -0.0577 +0.4000 -0.1000 +0.0577
 4polygon +0.4000 -0.1000 -0.0577 +0.4000 -0.1500 -0.0866 +0.4000 -0.0000 -0.1732 +0.4000 -0.0000 -0.1155
 4polygon +0.4000 +0.0000 -0.1155 +0.4000 +0.0000 -0.1732 +0.4000 +0.1500 -0.0866 +0.4000 +0.1000 -0.0577
 triangle +0.3000 +0.0000 +0.0000 +0.4000 +0.0000 -0.1155 +0.4000 +0.1000 -0.0577
 triangle +0.3000 +0.0000 +0.0000 +0.4000 +0.1000 -0.0577 +0.4000 +0.1000 +0.0577
 triangle +0.3000 +0.0000 +0.0000 +0.4000 +0.1000 +0.0577 +0.4000 +0.0000 +0.1155
 triangle +0.3000 +0.0000 +0.0000 +0.4000 +0.0000 +0.1155 +0.4000 -0.1000 +0.0577
 triangle +0.3000 +0.0000 +0.0000 +0.4000 -0.1000 +0.0577 +0.4000 -0.1000 -0.0577
 triangle +0.3000 +0.0000 +0.0000 +0.4000 -0.1000 -0.0577 +0.4000 +0.0000 -0.1155