triangle +0.7000 +0.0000 -0.3000 +0.4000 +0.0000 -0.6000 +0.7000 +0.6667 -0.3000
triangle +0.4000 +0.0000 +0.6000 +0.7000 +0.0000 +0.3000 +0.7000 +0.6667 +0.3000
triangle -0.4000 +0.0000 -0.6000 -0.7000 +0.0000 -0.3000 -0.4000 +0.6667 -0.3000
triangle -0.7000 +0.0000 +0.3000 -0.4000 +0.0000 +0.6000 -0.4000 +0.6667 +0.3000
4polygon +0.7000 +0.0000 +0.3000 +0.7000 +0.0000 -0.3000 +0.7000 +0.6667 -0.3000 +0.7000 +0.6667 +0.3000
4polygon +0.4000 +0.0000 -0.6000 -0.4000 +0.0000 -0.6000 -0.4000 +0.6667 -0.3000 +0.7000 +0.6667 -0.3000
4polygon -0.7000 +0.0000 -0.3000 -0.7000 +0.0000 +0.3000 -0.4000 +0.6667 +0.3000 -0.4000 +0.6667 -0.3000
4polygon -0.4000 +0.0000 +0.6000 +0.4000 +0.0000 +0.6000 +0.7000 +0.6667 +0.3000 -0.4000 +0.6667 +0.3000
4polygon -0.4000 +0.6667 -0.3000 -0.4000 +0.6667 +0.3000 +0.7000 +0.6667 +0.3000 +0.7000 +0.6667 -0.3000
cylinder +0.1000 +0.5000 +0.7000 +0.3333 +0.0000 90 0
