health 100
armor 10
speed 1
damage 1
turretposition 0 1 0
rectangulos frontales
rectangle +1.2151 +0.0000 +0.6667 +1.2151 +0.0000 -0.6667 +1.4075 +0.3333 -0.6667
rectangle +1.4075 +0.3333 +1.0000 +1.4075 +0.3333 -1.0000 +1.6000 +0.6667 -1.0000
 4polygon +1.6000 +0.6667 +1.0000 +1.6000 +0.6667 -1.0000 +1.2667 +1.0000 -0.6667 +1.2667 +1.0000 +0.6667
rectangulos traseros
rectangle -1.4075 +0.3333 -0.6667 -1.2151 +0.0000 -0.6667 -1.2151 +0.0000 +0.6667
rectangle -1.6000 +0.6667 -1.0000 -1.4075 +0.3333 -1.0000 -1.4075 +0.3333 +1.0000
 4polygon -1.6000 +0.6667 -1.0000 -1.6000 +0.6667 +1.0000 -1.2667 +1.0000 +0.6667 -1.2667 +1.0000 -0.6667
rectangulos de los lados
 4polygon +1.2151 +0.0000 -0.6667 -1.2151 +0.0000 -0.6667 -1.4075 +0.3333 -0.6667 +1.4075 +0.3333 -0.6667
 4polygon -1.2151 +0.0000 +0.6667 +1.2151 +0.0000 +0.6667 +1.4075 +0.3333 +0.6667 -1.4075 +0.3333 +0.6667
 4polygon +1.4075 +0.3333 -1.0000 -1.4075 +0.3333 -1.0000 -1.6000 +0.6667 -1.0000 +1.6000 +0.6667 -1.0000
 4polygon -1.4075 +0.3333 +1.0000 +1.4075 +0.3333 +1.0000 +1.6000 +0.6667 +1.0000 -1.6000 +0.6667 +1.0000
 4polygon +1.6000 +0.6667 -1.0000 -1.6000 +0.6667 -1.0000 -1.2667 +1.0000 -0.6667 +1.2667 +1.0000 -0.6667
 4polygon -1.6000 +0.6667 +1.0000 +1.6000 +0.6667 +1.0000 +1.2667 +1.0000 +0.6667 -1.2667 +1.0000 +0.6667 
rectangulo de arriba
rectangle +1.2667 +1.0000 -0.6667 -1.2667 +1.0000 -0.6667 -1.2667 +1.0000 +0.6667